5.371154439888224442e+04
9.973123334900857299e+04
8.477360541675997956e+04
7.518402593099973456e+04
7.339095593339948391e+04
7.727656474964026711e+04
8.259732702898260322e+04
7.609811372822111298e+04
9.185097696667714627e+04
7.175009040120405552e+04
7.883914719933575543e+04
7.648884249699920474e+04
9.842521508839166199e+04
8.917946995662462723e+04
6.927014146076969337e+04
9.874558813475829083e+04
9.967812106606135785e+04
1.305628979175691784e+05
9.661147162489249604e+04
1.077227455752505339e+05
8.981569305690196052e+04
6.409600766797440156e+04
1.009533388342309045e+05
1.390793515487228869e+05
5.662060756266679527e+04
9.388732671770622255e+04
5.444310182410191192e+04
7.221443571941244591e+04
8.533416381855237705e+04
7.825971280733298045e+04
8.302340314506355207e+04
8.821963714926075772e+04
8.732986039444130438e+04
8.974087145837409480e+04
7.148602524281773367e+04
5.595162544771403191e+04
6.696780460396473063e+04
8.526554454383817210e+04
1.262266299911429523e+05
1.102912532923847029e+05
8.180483284175171866e+04
7.216244566929977736e+04
6.822992749973472382e+04
8.675035322316639940e+04
1.188235607440423919e+05
1.088779320691846078e+05
6.491542893079503119e+04
1.009346283851033368e+05
6.451954919916432118e+04
6.597557876618576120e+04
1.114418832106919144e+05
6.829150073028856423e+04
6.540550677863385499e+04
8.127106211097938649e+04
6.826662456939720141e+04
5.977281905086481129e+04
7.788552686288862606e+04
1.077013115510303905e+05
1.271300684187199076e+05
4.762856063611830177e+04
7.596891637072086451e+04
6.258777909837409243e+04
5.055066941230111115e+04
8.088796130651139538e+04
9.385505308739221073e+04
8.034271081484932802e+04
8.448157047070063709e+04
1.099271788818679779e+05
1.003270159017943079e+05
7.121200764783723571e+04
6.295738849747223139e+04
7.683952981750611798e+04
1.045938299472431972e+05
8.369905296765439562e+04
9.923742459732506541e+04
7.969113901201655972e+04
9.574847366170608439e+04
9.019255539027604391e+04
7.826066607186250621e+04
7.568586067349856603e+04
6.689093073991192796e+04
6.401042989830351871e+04
1.178905027199625329e+05
6.007016241544753575e+04
6.584376004822748655e+04
1.071722980527392501e+05
8.365577659171770210e+04
7.166569567180049489e+04
9.130969364071151358e+04
7.251884512126349728e+04
8.731199668534788361e+04
7.835194052003203251e+04
6.075255220276769978e+04
1.153878176263853384e+05
9.450460048865000135e+04
1.070082213677307591e+05
8.779155608375453448e+04
8.368636833079360076e+04
1.093391702129207697e+05
1.120643430607639311e+05
7.511915326622575230e+04
4.981295251304758858e+04
6.737585586056916509e+04
9.481082823601624114e+04
7.453862997199624078e+04
1.276991640942160157e+05
9.266620768230239628e+04
7.761179861624391924e+04
7.313522273524347111e+04
9.002970114905209630e+04
8.686589590539394703e+04
7.021076675166931818e+04
6.944697549444751348e+04
7.542135356992279412e+04
1.014514312336695148e+05
8.876863175589863386e+04
7.739520696397799475e+04
6.706898367332464841e+04
1.236551509539068502e+05
8.236739314626627311e+04
1.032399873622745363e+05
1.207564122705246555e+05
9.584081428146274993e+04
1.135045650178497017e+05
7.188371409924120235e+04
8.587060501343185024e+04
8.437572912670629739e+04
7.268266037916146161e+04
7.073736585809156531e+04
1.124841634937963099e+05
4.826315561574125604e+04
6.323110688171112270e+04
8.165110375454953464e+04
7.160902389437954116e+04
6.233620408692141064e+04
1.264360819816578587e+05
8.661997410596974078e+04
8.547683511350413028e+04
1.000541224447293789e+05
8.728685055108722008e+04
8.845603931538408506e+04
9.123600481594041048e+04
9.236366387513586960e+04
8.365512981713812042e+04
8.743339654965412046e+04
6.626226052224681189e+04
8.689481839207468147e+04
8.367022110910527408e+04
9.181129783787956694e+04
6.823018857887705963e+04
6.999487242306960979e+04
1.241523932721775636e+05
1.050644615617303352e+05
9.871145434107800247e+04
1.052484728528746346e+05
7.992527853414617130e+04
6.641362305991472385e+04
7.893688506916450569e+04
7.680021266508774715e+04
7.967590083131109714e+04
1.066440054505204316e+05
7.439746789976404398e+04
8.402983615306110005e+04
6.533451668786885421e+04
6.267970203425500222e+04
1.013823925263178098e+05
7.955404952379850147e+04
9.396580194539544755e+04
8.885949396128175431e+04
7.321302853656951629e+04
5.583803628834214760e+04
1.000716659151489002e+05
8.868278289877933275e+04
1.282023893972360966e+05
9.067666272881696932e+04
7.830301022226068017e+04
5.840302981616423494e+04
9.179717038642175612e+04
9.909392945473697910e+04
9.453446070525432879e+04
9.267035192126641050e+04
6.026339871920717997e+04
8.094440376288839616e+04
1.012408250740011863e+05
1.055456234291309229e+05
8.500487176110285509e+04
9.587616955718402460e+04
7.739003412699932232e+04
9.483018712331292045e+04
9.879699600858245685e+04
9.036848889795861032e+04
6.558546697008651972e+04
8.048279476530489046e+04
6.941539919257961446e+04
6.948644268098322209e+04
1.093482152811154228e+05
8.951626616718086007e+04
8.404909619362145895e+04
8.188882849407926551e+04
9.911205465565291524e+04
