1.100000000000000000e+01,1.098160218403766208e+01
1.100000000000000000e+01,1.136492468184979110e+01
1.100000000000000000e+01,1.019022733332660202e+01
1.100000000000000000e+01,9.903725249385701090e+00
1.100000000000000000e+01,8.997918023461279446e+00
1.100000000000000000e+01,9.882643734913065359e+00
1.100000000000000000e+01,9.658150798336899712e+00
1.100000000000000000e+01,1.064376745288017823e+01
1.100000000000000000e+01,9.975598651949525220e+00
1.100000000000000000e+01,8.570519546883277329e+00
1.100000000000000000e+01,1.278393790769533389e+01
1.100000000000000000e+01,8.973262181399693560e+00
1.100000000000000000e+01,9.506806486892182662e+00
1.200000000000000000e+01,7.988456264079663249e+00
1.200000000000000000e+01,8.578029578677123013e+00
1.200000000000000000e+01,9.794792076306581663e+00
1.200000000000000000e+01,9.459786500740825943e+00
1.200000000000000000e+01,1.013426841644765020e+01
1.200000000000000000e+01,1.019569910924460565e+01
1.200000000000000000e+01,9.238065110720283357e+00
1.200000000000000000e+01,9.647839033944892506e+00
1.200000000000000000e+01,7.942515115301506334e+00
1.200000000000000000e+01,9.757539434824064273e+00
1.200000000000000000e+01,9.410135601721259846e+00
1.200000000000000000e+01,9.481459492867976735e+00
1.200000000000000000e+01,1.020566092839378491e+01
1.200000000000000000e+01,9.284470485332670719e+00
1.300000000000000000e+01,1.044984958179930601e+01
1.300000000000000000e+01,1.061147936407758330e+01
1.300000000000000000e+01,9.411983226072971220e+00
1.300000000000000000e+01,1.035903429810753806e+01
1.300000000000000000e+01,8.628048496956493452e+00
1.300000000000000000e+01,9.019174544918186598e+00
1.300000000000000000e+01,8.898895951983815777e+00
1.300000000000000000e+01,1.140002221804218152e+01
1.300000000000000000e+01,9.052860289351023937e+00
1.300000000000000000e+01,8.850415121601297841e+00
1.300000000000000000e+01,1.046842675137447820e+01
1.300000000000000000e+01,1.237565977967012287e+01
1.300000000000000000e+01,9.659208042984879228e+00
1.300000000000000000e+01,1.103729551517446339e+01
1.400000000000000000e+01,1.136460328107071405e+01
1.400000000000000000e+01,1.120034906806339770e+01
1.400000000000000000e+01,1.091311699534165847e+01
1.400000000000000000e+01,1.284890296836557866e+01
1.400000000000000000e+01,1.285141084928945254e+01
1.400000000000000000e+01,1.215740443428981088e+01
1.400000000000000000e+01,1.423421093081787703e+01
1.400000000000000000e+01,1.382386989638222907e+01
1.400000000000000000e+01,1.030867899332477933e+01
1.400000000000000000e+01,1.319889770999741074e+01
1.400000000000000000e+01,8.284697221689921065e+00
1.400000000000000000e+01,1.109279417522295930e+01
1.400000000000000000e+01,9.809718386899504594e+00
1.400000000000000000e+01,1.237087037694718106e+01
1.500000000000000000e+01,1.324203961175362743e+01
1.500000000000000000e+01,1.710347120686471101e+01
1.500000000000000000e+01,1.638259987253022842e+01
1.500000000000000000e+01,1.142092827220756135e+01
1.500000000000000000e+01,2.047244555934290844e+01
1.500000000000000000e+01,1.464403738462398152e+01
1.500000000000000000e+01,1.349691208776243556e+01
1.500000000000000000e+01,1.645156166340019510e+01
1.500000000000000000e+01,1.579592847332865624e+01
1.500000000000000000e+01,1.613404684045157467e+01
1.500000000000000000e+01,1.677593564125448822e+01
1.500000000000000000e+01,1.333498434457642645e+01
1.500000000000000000e+01,1.505170556935071602e+01
1.500000000000000000e+01,1.577975138291263058e+01
1.600000000000000000e+01,1.811432210596242243e+01
1.600000000000000000e+01,1.898475542970151153e+01
1.600000000000000000e+01,3.554835981711403292e+01
1.600000000000000000e+01,1.133525140494327133e+01
1.600000000000000000e+01,2.105925191544456965e+01
1.600000000000000000e+01,1.599050641259223404e+01
1.600000000000000000e+01,1.873868981330781125e+01
1.600000000000000000e+01,1.795874655416681165e+01
1.600000000000000000e+01,1.687566754805410696e+01
1.600000000000000000e+01,1.938963962816917430e+01
1.600000000000000000e+01,2.115326876995123939e+01
1.600000000000000000e+01,1.981270059492125313e+01
1.600000000000000000e+01,1.754668974241644719e+01
1.600000000000000000e+01,1.724302052990770662e+01
1.700000000000000000e+01,1.296495212429374178e+01
1.700000000000000000e+01,2.103410883257782160e+01
1.700000000000000000e+01,1.555790626090629480e+01
1.700000000000000000e+01,1.399164414826284464e+01
1.700000000000000000e+01,2.798798190760695803e+01
1.700000000000000000e+01,3.111972917099631175e+01
1.700000000000000000e+01,1.493350955252826751e+01
1.700000000000000000e+01,1.667073481491593867e+01
1.700000000000000000e+01,1.931511462897671194e+01
1.700000000000000000e+01,2.004579467054103503e+01
1.700000000000000000e+01,2.451813414715760686e+01
1.700000000000000000e+01,1.829228533746303498e+01
1.700000000000000000e+01,2.546859877609040979e+01
1.700000000000000000e+01,2.373198714868353676e+01
1.800000000000000000e+01,2.191776007035890927e+01
1.800000000000000000e+01,3.021901643298706119e+01
1.800000000000000000e+01,2.769635094897939709e+01
1.800000000000000000e+01,2.890215360367298203e+01
1.800000000000000000e+01,1.498645402954761074e+01
1.800000000000000000e+01,3.331145932507267560e+01
1.800000000000000000e+01,2.959094013514836519e+01
1.800000000000000000e+01,1.772830119910114632e+01
1.800000000000000000e+01,1.764694069284404065e+01
1.800000000000000000e+01,2.058170742995418578e+01
1.800000000000000000e+01,3.122421384360871244e+01
1.800000000000000000e+01,1.924962520246772968e+01
1.800000000000000000e+01,9.943161326384785781e+00
1.800000000000000000e+01,3.843956309382889458e+01
1.900000000000000000e+01,2.872938237279930362e+01
1.900000000000000000e+01,1.621921121339987337e+01
1.900000000000000000e+01,3.471467606991679133e+01
1.900000000000000000e+01,4.117843871002068568e+01
1.900000000000000000e+01,3.961822323098745358e+01
1.900000000000000000e+01,3.078763980789422305e+01
1.900000000000000000e+01,2.269917150434842767e+01
1.900000000000000000e+01,3.475647592271820940e+01
1.900000000000000000e+01,3.340181879092706652e+01
1.900000000000000000e+01,2.727788258672676847e+01
1.900000000000000000e+01,3.536521553265917817e+01
1.900000000000000000e+01,2.980046627354182576e+01
1.900000000000000000e+01,2.718574164685470151e+01
1.900000000000000000e+01,4.029324553794751296e+01
2.000000000000000000e+01,3.996921198147407495e+01
2.000000000000000000e+01,3.958212204144066959e+01
2.000000000000000000e+01,2.949745781118314980e+01
2.000000000000000000e+01,3.294946194805734052e+01
2.000000000000000000e+01,3.628819043853912518e+01
2.000000000000000000e+01,1.949695278222358041e+01
2.000000000000000000e+01,4.398959532522937366e+01
2.000000000000000000e+01,3.061321235734692081e+01
2.000000000000000000e+01,2.333368226779381160e+01
2.000000000000000000e+01,3.607929648927988353e+01
2.000000000000000000e+01,4.309813776406954133e+01
2.000000000000000000e+01,3.248167824754398225e+01
2.000000000000000000e+01,3.518363563998437371e+01
2.000000000000000000e+01,2.564787746691427017e+01
2.000000000000000000e+01,3.386390226603694487e+01
2.100000000000000000e+01,4.187745414850866155e+01
2.100000000000000000e+01,3.740894004914308368e+01
2.100000000000000000e+01,3.739537734124859725e+01
2.100000000000000000e+01,2.100689112076587151e+01
2.100000000000000000e+01,3.612226378636822943e+01
2.100000000000000000e+01,2.658409400333263406e+01
2.100000000000000000e+01,3.220912348687720339e+01
2.100000000000000000e+01,2.030181589991007129e+01
2.100000000000000000e+01,2.921064521461727281e+01
2.100000000000000000e+01,3.162272263162012820e+01
2.100000000000000000e+01,3.194484128357627384e+01
2.100000000000000000e+01,3.474765629304708625e+01
2.100000000000000000e+01,2.881583223341900180e+01
2.100000000000000000e+01,3.745204594688016186e+01
2.100000000000000000e+01,4.493813972349350649e+01
2.200000000000000000e+01,3.815939083334491499e+01
2.200000000000000000e+01,3.522407486621674622e+01
2.200000000000000000e+01,2.477621843429187365e+01
2.200000000000000000e+01,3.548514259210411126e+01
2.200000000000000000e+01,3.251221498331496917e+01
2.200000000000000000e+01,3.550853632345149435e+01
2.200000000000000000e+01,2.175218130871153477e+01
2.200000000000000000e+01,3.187812605096948815e+01
2.200000000000000000e+01,3.980460267042433031e+01
2.200000000000000000e+01,3.275106219235929217e+01
2.200000000000000000e+01,2.968454789549368300e+01
2.200000000000000000e+01,2.931322843316941729e+01
2.200000000000000000e+01,3.846919896533188421e+01
2.200000000000000000e+01,3.150398467755538334e+01
2.200000000000000000e+01,3.281669897647927314e+01
2.300000000000000000e+01,3.538907759887088389e+01
2.300000000000000000e+01,3.117574795964003798e+01
2.300000000000000000e+01,4.246523971922503904e+01
2.300000000000000000e+01,2.831436901826792862e+01
2.300000000000000000e+01,3.473991227476018651e+01
2.300000000000000000e+01,3.309221853551749604e+01
2.300000000000000000e+01,4.115675608386030859e+01
2.300000000000000000e+01,3.236059051591333002e+01
2.300000000000000000e+01,3.984407521234611949e+01
2.300000000000000000e+01,3.464032813049706050e+01
2.300000000000000000e+01,4.264097793243141155e+01
2.300000000000000000e+01,3.405295760249098436e+01
2.300000000000000000e+01,3.224020359752353926e+01
2.300000000000000000e+01,3.213474200766614075e+01
2.300000000000000000e+01,4.462780322981088688e+01
2.400000000000000000e+01,3.371003222177061076e+01
2.400000000000000000e+01,3.942579788514451167e+01
2.400000000000000000e+01,3.001046955389634263e+01
2.400000000000000000e+01,3.727632868278183054e+01
2.400000000000000000e+01,4.088080659292077712e+01
2.400000000000000000e+01,4.016617702141903123e+01
2.400000000000000000e+01,2.687357904843149470e+01
2.400000000000000000e+01,3.087920368440197194e+01
2.400000000000000000e+01,3.694618188092936606e+01
2.400000000000000000e+01,3.736353264273396491e+01
2.400000000000000000e+01,3.305177228963143676e+01
2.400000000000000000e+01,4.013418193123533939e+01
2.400000000000000000e+01,3.515097810425623237e+01
2.400000000000000000e+01,4.230273310120946917e+01
2.400000000000000000e+01,3.983683869162123870e+01
2.500000000000000000e+01,3.501250520673075783e+01
2.500000000000000000e+01,3.944232195262070917e+01
2.500000000000000000e+01,3.967686394266511485e+01
2.500000000000000000e+01,3.367587352951192514e+01
2.500000000000000000e+01,3.290739318782078726e+01
2.500000000000000000e+01,3.429175251422462622e+01
2.500000000000000000e+01,3.421927600924456669e+01
2.500000000000000000e+01,3.462566216930102314e+01
2.500000000000000000e+01,3.869756617151703892e+01
2.500000000000000000e+01,3.542593613144042308e+01
2.500000000000000000e+01,3.811355082863953214e+01
2.500000000000000000e+01,3.553046853251782267e+01
2.500000000000000000e+01,3.146348198080526615e+01
2.500000000000000000e+01,2.860633683625662727e+01
2.500000000000000000e+01,3.437226103065010108e+01
2.600000000000000000e+01,3.699114921991580474e+01
2.600000000000000000e+01,3.152455940914504140e+01
2.600000000000000000e+01,3.446493102112519580e+01
2.600000000000000000e+01,4.145259936945502943e+01
2.600000000000000000e+01,3.278788325599852982e+01
2.600000000000000000e+01,3.192771989026067203e+01
2.600000000000000000e+01,3.303137973305195629e+01
2.600000000000000000e+01,3.233345524941062621e+01
2.600000000000000000e+01,3.499660161712483841e+01
2.600000000000000000e+01,3.674325299436821268e+01
2.600000000000000000e+01,3.658438572150915036e+01
2.600000000000000000e+01,3.133028711620168849e+01
2.600000000000000000e+01,3.376456932358967578e+01
2.600000000000000000e+01,4.193703220724290048e+01
2.600000000000000000e+01,3.301964347804177180e+01
2.700000000000000000e+01,3.910797020845158301e+01
2.700000000000000000e+01,3.462221831291115137e+01
2.700000000000000000e+01,3.150083366624786407e+01
2.700000000000000000e+01,3.569704132010520681e+01
2.700000000000000000e+01,4.011702874220402038e+01
2.700000000000000000e+01,3.640217547760450145e+01
2.700000000000000000e+01,3.351300858160903573e+01
2.700000000000000000e+01,2.971720390404045986e+01
2.700000000000000000e+01,3.756208878638253168e+01
2.700000000000000000e+01,3.755591735142805021e+01
2.700000000000000000e+01,3.658910839459298359e+01
2.700000000000000000e+01,3.392265634838982891e+01
2.700000000000000000e+01,3.870112119997284594e+01
2.700000000000000000e+01,3.433111906480947084e+01
2.700000000000000000e+01,3.483062791774604250e+01
2.800000000000000000e+01,4.692540714977256755e+01
2.800000000000000000e+01,3.854807132050273566e+01
2.800000000000000000e+01,3.616889265661297514e+01
2.800000000000000000e+01,3.489146408378700670e+01
2.800000000000000000e+01,3.790411904422054334e+01
2.800000000000000000e+01,3.449626284777809104e+01
2.800000000000000000e+01,3.516634757342946216e+01
2.800000000000000000e+01,3.343537722634013676e+01
2.800000000000000000e+01,3.323552167601911123e+01
2.800000000000000000e+01,3.661814189293735211e+01
2.800000000000000000e+01,3.635810898188061913e+01
2.800000000000000000e+01,4.014304841997788031e+01
2.800000000000000000e+01,3.382365349623717776e+01
2.800000000000000000e+01,3.509851755594822720e+01
2.800000000000000000e+01,3.814751165202642369e+01
2.900000000000000000e+01,3.625217143082672777e+01
2.900000000000000000e+01,4.023640889708660495e+01
2.900000000000000000e+01,3.712624932436575875e+01
2.900000000000000000e+01,3.786669086858591982e+01
2.900000000000000000e+01,3.516709146076428993e+01
2.900000000000000000e+01,3.586014308855813937e+01
2.900000000000000000e+01,3.701980945330925721e+01
2.900000000000000000e+01,3.321060413143043633e+01
2.900000000000000000e+01,3.560756791208326177e+01
2.900000000000000000e+01,3.704357492535264385e+01
2.900000000000000000e+01,3.715924057879548315e+01
2.900000000000000000e+01,3.584928943928039757e+01
2.900000000000000000e+01,3.506151051226604665e+01
2.900000000000000000e+01,3.424059437664836736e+01
2.900000000000000000e+01,3.722535058755705251e+01
3.000000000000000000e+01,3.334721223239680654e+01
3.000000000000000000e+01,3.501089791900881210e+01
3.000000000000000000e+01,3.976249853051087513e+01
3.000000000000000000e+01,3.115850820871540705e+01
3.000000000000000000e+01,3.790549782895206476e+01
3.000000000000000000e+01,3.554651373035250828e+01
3.000000000000000000e+01,3.637425576308145025e+01
3.000000000000000000e+01,4.005532826791367285e+01
3.000000000000000000e+01,3.526886076809422832e+01
3.000000000000000000e+01,3.404339329643073597e+01
3.000000000000000000e+01,3.699667766632749277e+01
3.000000000000000000e+01,3.244183400709725618e+01
3.000000000000000000e+01,4.064583107547985463e+01
3.000000000000000000e+01,3.612463319153953734e+01
3.000000000000000000e+01,3.609756521813090302e+01
3.100000000000000000e+01,4.350590730327074596e+01
3.100000000000000000e+01,3.644268030302455230e+01
3.100000000000000000e+01,3.386631350598400303e+01
3.100000000000000000e+01,3.609823632733131404e+01
3.100000000000000000e+01,3.472558416273631110e+01
3.100000000000000000e+01,3.700522192012279987e+01
3.100000000000000000e+01,3.447417692684157231e+01
3.100000000000000000e+01,3.748904375002559419e+01
3.100000000000000000e+01,3.521196953167061139e+01
3.100000000000000000e+01,3.291891731260540865e+01
3.100000000000000000e+01,3.539661165847862634e+01
3.100000000000000000e+01,3.455783249332031914e+01
3.100000000000000000e+01,3.103335636973512379e+01
3.100000000000000000e+01,3.459244886546441222e+01
3.100000000000000000e+01,3.297851626968169114e+01
3.200000000000000000e+01,3.574147435242042548e+01
3.200000000000000000e+01,4.057223371277562052e+01
3.200000000000000000e+01,3.461996090740513665e+01
3.200000000000000000e+01,4.215725888059360926e+01
3.200000000000000000e+01,3.914180571146332710e+01
3.200000000000000000e+01,3.062035239168213252e+01
3.200000000000000000e+01,3.206667034141440098e+01
3.200000000000000000e+01,3.545343001757893120e+01
3.200000000000000000e+01,3.623879879104568857e+01
3.200000000000000000e+01,4.181655176768676796e+01
3.200000000000000000e+01,3.627660858791790588e+01
3.200000000000000000e+01,3.371789446817921743e+01
3.200000000000000000e+01,3.541225122324909336e+01
3.200000000000000000e+01,3.774540508566014552e+01
3.200000000000000000e+01,3.592167095585082137e+01
3.300000000000000000e+01,3.800107549942725882e+01
3.300000000000000000e+01,3.314197541285787452e+01
3.300000000000000000e+01,3.674050071248797877e+01
3.300000000000000000e+01,2.891208362626929329e+01
3.300000000000000000e+01,2.997875273674846497e+01
3.300000000000000000e+01,3.143441902781230368e+01
3.300000000000000000e+01,3.664528276239845184e+01
3.300000000000000000e+01,3.707551182941554657e+01
3.300000000000000000e+01,3.532409449833377835e+01
3.300000000000000000e+01,3.392027396394275485e+01
3.300000000000000000e+01,3.513782092766461318e+01
3.300000000000000000e+01,3.698252943938329906e+01
3.300000000000000000e+01,3.559998393191862931e+01
3.300000000000000000e+01,3.356484922031776108e+01
3.300000000000000000e+01,3.660954523681226647e+01
3.400000000000000000e+01,3.802667058777254994e+01
3.400000000000000000e+01,4.270804134086286297e+01
3.400000000000000000e+01,3.345608857354982035e+01
3.400000000000000000e+01,3.004951239289128750e+01
3.400000000000000000e+01,3.802365166577678224e+01
3.400000000000000000e+01,3.813665540310349655e+01
3.400000000000000000e+01,3.497340792256894559e+01
3.400000000000000000e+01,3.287872052017084457e+01
3.400000000000000000e+01,3.652887200242726351e+01
3.400000000000000000e+01,3.770148202084394740e+01
3.400000000000000000e+01,3.113085448078777162e+01
3.400000000000000000e+01,3.340574038771274701e+01
3.400000000000000000e+01,3.354877174156116126e+01
3.400000000000000000e+01,3.080252618255687125e+01
3.500000000000000000e+01,3.053382699236562559e+01
3.500000000000000000e+01,3.839844905560291721e+01
3.500000000000000000e+01,2.863444582321152154e+01
3.500000000000000000e+01,3.606747381421762100e+01
3.500000000000000000e+01,3.319167508434335900e+01
3.500000000000000000e+01,2.746328687522823131e+01
3.500000000000000000e+01,3.298841837948815225e+01
3.500000000000000000e+01,3.330646660425775707e+01
3.500000000000000000e+01,2.628799457459886568e+01
3.500000000000000000e+01,3.044678973462849925e+01
3.500000000000000000e+01,3.198242559447031041e+01
3.500000000000000000e+01,3.876086613139651149e+01
3.500000000000000000e+01,2.830779569115221506e+01
3.500000000000000000e+01,3.905390131472499604e+01
3.600000000000000000e+01,3.037562687876692280e+01
3.600000000000000000e+01,3.772662990407719974e+01
3.600000000000000000e+01,3.165189251521768199e+01
3.600000000000000000e+01,3.101870658689719917e+01
3.600000000000000000e+01,3.328258724720407713e+01
3.600000000000000000e+01,3.009011703718876163e+01
3.600000000000000000e+01,3.148979805842284918e+01
3.600000000000000000e+01,2.569932917874311329e+01
3.600000000000000000e+01,3.280510413608019604e+01
3.600000000000000000e+01,3.478955308902848742e+01
3.600000000000000000e+01,3.235242986125026476e+01
3.600000000000000000e+01,3.373491719037625813e+01
3.600000000000000000e+01,3.139508317867857912e+01
3.600000000000000000e+01,3.314086704589673360e+01
3.700000000000000000e+01,3.043572861919064820e+01
3.700000000000000000e+01,3.330314510589006716e+01
3.700000000000000000e+01,3.434373737301955742e+01
3.700000000000000000e+01,2.896661875589174429e+01
3.700000000000000000e+01,3.312427448786012718e+01
3.700000000000000000e+01,3.606989993152824070e+01
3.700000000000000000e+01,3.402534006410915879e+01
3.700000000000000000e+01,3.224632796349909825e+01
3.700000000000000000e+01,2.773179434674057120e+01
3.700000000000000000e+01,2.906581141508425148e+01
3.700000000000000000e+01,3.442393580152370447e+01
3.700000000000000000e+01,3.227433433287001208e+01
3.700000000000000000e+01,3.610433499964769766e+01
3.700000000000000000e+01,2.962765089641237637e+01
3.800000000000000000e+01,3.185191428078853448e+01
3.800000000000000000e+01,2.906312981234255588e+01
3.800000000000000000e+01,2.716796403940166016e+01
3.800000000000000000e+01,3.269529969594645991e+01
3.800000000000000000e+01,2.627109541796205505e+01
3.800000000000000000e+01,3.097107481971147180e+01
3.800000000000000000e+01,4.086950531906448703e+01
3.800000000000000000e+01,2.926115159460697512e+01
3.800000000000000000e+01,3.351695147147356835e+01
3.800000000000000000e+01,2.922190633872162024e+01
3.800000000000000000e+01,3.213640893888351258e+01
3.800000000000000000e+01,3.064527397412149767e+01
3.800000000000000000e+01,2.970302340814305708e+01
3.800000000000000000e+01,3.047312271211786694e+01
3.900000000000000000e+01,3.090949784912460885e+01
3.900000000000000000e+01,3.676809274375819570e+01
3.900000000000000000e+01,2.803858204019654821e+01
3.900000000000000000e+01,3.045921359598748168e+01
3.900000000000000000e+01,2.880011862248037602e+01
3.900000000000000000e+01,2.851743551604786830e+01
3.900000000000000000e+01,2.865889972505043559e+01
3.900000000000000000e+01,3.417366681592462641e+01
3.900000000000000000e+01,2.323830220758643605e+01
3.900000000000000000e+01,3.194565537920398057e+01
3.900000000000000000e+01,2.898700946271120671e+01
3.900000000000000000e+01,2.963545932520839798e+01
3.900000000000000000e+01,3.442652100037387441e+01
3.900000000000000000e+01,3.593361562464448866e+01
4.000000000000000000e+01,3.193319093812320730e+01
4.000000000000000000e+01,2.897399113290649098e+01
4.000000000000000000e+01,3.069732033778282343e+01
4.000000000000000000e+01,3.419674872860359471e+01
4.000000000000000000e+01,3.024640233016622304e+01
4.000000000000000000e+01,3.549192926759225486e+01
4.000000000000000000e+01,2.712170428237290665e+01
4.000000000000000000e+01,2.968620247166574444e+01
4.000000000000000000e+01,2.975379990161665944e+01
4.000000000000000000e+01,3.209783465878530251e+01
4.000000000000000000e+01,2.692324533516872975e+01
4.000000000000000000e+01,2.843794579371882136e+01
4.000000000000000000e+01,3.364020633024854590e+01
4.000000000000000000e+01,2.705614494600578013e+01
4.100000000000000000e+01,3.224582617831931941e+01
4.100000000000000000e+01,3.466370960043467875e+01
4.100000000000000000e+01,3.247962114981403658e+01
4.100000000000000000e+01,3.333805779703319416e+01
4.100000000000000000e+01,3.624332643541027466e+01
4.100000000000000000e+01,3.324612875927267197e+01
4.100000000000000000e+01,3.350097420793618852e+01
4.100000000000000000e+01,3.320487869863252683e+01
4.100000000000000000e+01,2.408396042372248402e+01
4.100000000000000000e+01,3.759860335071563497e+01
4.100000000000000000e+01,2.711983417057512469e+01
4.100000000000000000e+01,2.996813478748158843e+01
4.100000000000000000e+01,3.273601814672951349e+01
4.200000000000000000e+01,3.149494360374827195e+01
4.200000000000000000e+01,3.171952979388771965e+01
4.200000000000000000e+01,3.130448554024796692e+01
4.200000000000000000e+01,3.059123655886511628e+01
4.200000000000000000e+01,2.966265828618122669e+01
4.200000000000000000e+01,3.898268566795931633e+01
4.200000000000000000e+01,3.136102947561794707e+01
4.200000000000000000e+01,2.919985383022967085e+01
4.200000000000000000e+01,3.047820085368823229e+01
4.200000000000000000e+01,2.608341925919285487e+01
4.200000000000000000e+01,2.833558115697855229e+01
4.200000000000000000e+01,3.052808176920589389e+01
4.200000000000000000e+01,2.991340082556238045e+01
4.300000000000000000e+01,3.152313183290226561e+01
4.300000000000000000e+01,2.705240476371821501e+01
4.300000000000000000e+01,3.397677941648299083e+01
4.300000000000000000e+01,3.524825458447011073e+01
4.300000000000000000e+01,3.230781039632169893e+01
4.300000000000000000e+01,3.316917735544855361e+01
4.300000000000000000e+01,3.467150671527695494e+01
4.300000000000000000e+01,2.984376300540122884e+01
4.300000000000000000e+01,3.617950790589577537e+01
4.300000000000000000e+01,3.953837023118524741e+01
4.300000000000000000e+01,3.137064525693153882e+01
4.300000000000000000e+01,2.814616803153177926e+01
4.300000000000000000e+01,3.047036325473085583e+01
4.300000000000000000e+01,3.168590838230856122e+01
4.400000000000000000e+01,2.879079175391329315e+01
4.400000000000000000e+01,3.543445214473653238e+01
4.400000000000000000e+01,3.800217028783170292e+01
4.400000000000000000e+01,3.403173821761554763e+01
4.400000000000000000e+01,3.235011821694641299e+01
4.400000000000000000e+01,3.595784710103597348e+01
4.400000000000000000e+01,3.036232576305265241e+01
4.400000000000000000e+01,2.982773754767101337e+01
4.400000000000000000e+01,3.406194848824603127e+01
4.400000000000000000e+01,3.452386288430628980e+01
4.400000000000000000e+01,3.052139660176397129e+01
4.400000000000000000e+01,4.225600163358303263e+01
4.400000000000000000e+01,2.953218385890837538e+01
4.400000000000000000e+01,3.123608423067535966e+01
4.500000000000000000e+01,3.435585610296159587e+01
4.500000000000000000e+01,3.135771010694057281e+01
4.500000000000000000e+01,2.937413710499847497e+01
4.500000000000000000e+01,2.466030920145178840e+01
4.500000000000000000e+01,2.756682081748871838e+01
4.500000000000000000e+01,2.665339550784715072e+01
4.500000000000000000e+01,3.329480430145585501e+01
4.500000000000000000e+01,4.282957258700375291e+01
4.500000000000000000e+01,2.848101406956983794e+01
4.500000000000000000e+01,3.526832974445306945e+01
4.500000000000000000e+01,3.763857631657113245e+01
4.500000000000000000e+01,3.067236844538692253e+01
4.500000000000000000e+01,3.646649248817126221e+01
4.500000000000000000e+01,2.999753041229121564e+01
4.600000000000000000e+01,2.908893302894054500e+01
4.600000000000000000e+01,3.415836118664491039e+01
4.600000000000000000e+01,3.799987863952581790e+01
4.600000000000000000e+01,3.666070548212387337e+01
4.600000000000000000e+01,2.856140962507282310e+01
4.600000000000000000e+01,2.829026238326747489e+01
4.600000000000000000e+01,2.554593121163762959e+01
4.600000000000000000e+01,3.513577630615129976e+01
4.600000000000000000e+01,2.925005032874247846e+01
4.600000000000000000e+01,4.593808970131311753e+01
4.600000000000000000e+01,3.388535739003795300e+01
4.600000000000000000e+01,2.704516220282859251e+01
4.600000000000000000e+01,3.477255220046246365e+01
4.600000000000000000e+01,3.752171726494248816e+01
4.700000000000000000e+01,3.582539261402209263e+01
4.700000000000000000e+01,4.496559707551735841e+01
4.700000000000000000e+01,4.299263757699230837e+01
4.700000000000000000e+01,3.414556187272130927e+01
4.700000000000000000e+01,3.918570840992057924e+01
4.700000000000000000e+01,3.525007055999628847e+01
4.700000000000000000e+01,3.994077786679977748e+01
4.700000000000000000e+01,4.383875362989316926e+01
4.700000000000000000e+01,2.755179227302412670e+01
4.700000000000000000e+01,3.684694041192128111e+01
4.700000000000000000e+01,3.910973926805999668e+01
4.700000000000000000e+01,4.179571679922226224e+01
4.700000000000000000e+01,2.434311415209058538e+01
4.700000000000000000e+01,4.586546563204584004e+01
4.800000000000000000e+01,3.724847028570759022e+01
4.800000000000000000e+01,3.057505582756884266e+01
4.800000000000000000e+01,3.176194713718166440e+01
4.800000000000000000e+01,4.634215885303910198e+01
4.800000000000000000e+01,3.436871700941290442e+01
4.800000000000000000e+01,3.240164857034139345e+01
4.800000000000000000e+01,3.994654022617428524e+01
4.800000000000000000e+01,2.713939379365004001e+01
4.800000000000000000e+01,4.162531200536272991e+01
4.800000000000000000e+01,4.444036148357992033e+01
4.800000000000000000e+01,4.051524261585312559e+01
4.800000000000000000e+01,3.379725758563133553e+01
4.800000000000000000e+01,3.427810233903717574e+01
4.800000000000000000e+01,4.535879589952418200e+01
4.900000000000000000e+01,3.040874689844206813e+01
4.900000000000000000e+01,4.202577544364833528e+01
4.900000000000000000e+01,4.867484832134137207e+01
4.900000000000000000e+01,4.380552481037732804e+01
4.900000000000000000e+01,3.427116412963982839e+01
4.900000000000000000e+01,2.802493634572820724e+01
4.900000000000000000e+01,4.340108646932755221e+01
4.900000000000000000e+01,3.475935627853803567e+01
4.900000000000000000e+01,4.164857805651072908e+01
4.900000000000000000e+01,3.371081649360748855e+01
4.900000000000000000e+01,2.994863465024383231e+01
4.900000000000000000e+01,3.750167580335676121e+01
4.900000000000000000e+01,3.733886521949261805e+01
4.900000000000000000e+01,3.328025979233910192e+01
5.000000000000000000e+01,2.905998323711386178e+01
5.000000000000000000e+01,3.334709981937963619e+01
5.000000000000000000e+01,2.922393113581925661e+01
5.000000000000000000e+01,2.820662122202221056e+01
5.000000000000000000e+01,3.570790179546605003e+01
5.000000000000000000e+01,4.473842557422941013e+01
5.000000000000000000e+01,2.847818373920893720e+01
5.000000000000000000e+01,3.891099617220246643e+01
5.000000000000000000e+01,5.668007463026718540e+01
5.000000000000000000e+01,4.176198877745002136e+01
5.000000000000000000e+01,2.957972387368420897e+01
5.000000000000000000e+01,4.188201173219168538e+01
5.000000000000000000e+01,2.660508746399603552e+01
5.000000000000000000e+01,4.776103563848781874e+01
5.000000000000000000e+01,3.527858801738877048e+01
5.100000000000000000e+01,3.992450769940324307e+01
5.100000000000000000e+01,2.118386926994791963e+01
5.100000000000000000e+01,4.389267966450608327e+01
5.100000000000000000e+01,3.266210669941759193e+01
5.100000000000000000e+01,2.597627999197993631e+01
5.100000000000000000e+01,3.340634288159894538e+01
5.100000000000000000e+01,3.007389345304683204e+01
5.100000000000000000e+01,3.699052344474521448e+01
5.100000000000000000e+01,5.382159869966119459e+01
5.100000000000000000e+01,3.366755939462100855e+01
5.100000000000000000e+01,5.759646991221977430e+01
5.100000000000000000e+01,3.079447593109012260e+01
5.100000000000000000e+01,4.118398569717330560e+01
5.100000000000000000e+01,4.751453851136328410e+01
5.100000000000000000e+01,5.305540337717115307e+01
5.200000000000000000e+01,2.571699614364183617e+01
5.200000000000000000e+01,5.692772597905292997e+01
5.200000000000000000e+01,4.060141878852414976e+01
5.200000000000000000e+01,4.617610453789593805e+01
5.200000000000000000e+01,3.567594086609937420e+01
5.200000000000000000e+01,4.975324015080132511e+01
5.200000000000000000e+01,5.074769085165078764e+01
5.200000000000000000e+01,3.795580345714095927e+01
5.200000000000000000e+01,4.694841605496876014e+01
5.200000000000000000e+01,3.427127180342380086e+01
5.200000000000000000e+01,3.704846183155160588e+01
5.200000000000000000e+01,5.058266709690325058e+01
5.200000000000000000e+01,4.278498388281893483e+01
5.200000000000000000e+01,4.317000118027446831e+01
5.200000000000000000e+01,3.160667854287139988e+01
5.300000000000000000e+01,4.932247317493325056e+01
5.300000000000000000e+01,4.535677838694508779e+01
5.300000000000000000e+01,2.730530501236557939e+01
5.300000000000000000e+01,4.194078286647081200e+01
5.300000000000000000e+01,4.529633500611337382e+01
5.300000000000000000e+01,4.327440199160134426e+01
5.300000000000000000e+01,3.345943794114928238e+01
5.300000000000000000e+01,4.538843893725815093e+01
5.300000000000000000e+01,3.014366128936726241e+01
5.300000000000000000e+01,5.479604567104070156e+01
5.300000000000000000e+01,3.088671548192951377e+01
5.300000000000000000e+01,4.015556898721143853e+01
5.300000000000000000e+01,6.228913461193430123e+01
5.300000000000000000e+01,5.103734092218007845e+01
5.300000000000000000e+01,3.025301952505635938e+01
5.400000000000000000e+01,5.227399232024507114e+01
5.400000000000000000e+01,4.927747265362333451e+01
5.400000000000000000e+01,3.745798710232266870e+01
5.400000000000000000e+01,4.927732143320199754e+01
5.400000000000000000e+01,4.336789390292446456e+01
5.400000000000000000e+01,2.812111191996060100e+01
5.400000000000000000e+01,4.106705851520519701e+01
5.400000000000000000e+01,3.420748017630666027e+01
5.400000000000000000e+01,3.381165592471612058e+01
5.400000000000000000e+01,2.388370023568229783e+01
5.400000000000000000e+01,4.819148273257785320e+01
5.400000000000000000e+01,4.455871111423980580e+01
5.400000000000000000e+01,4.349290066756805828e+01
5.400000000000000000e+01,4.461880884212494180e+01
5.400000000000000000e+01,5.961047324802707692e+01
5.500000000000000000e+01,4.246852444293052997e+01
5.500000000000000000e+01,3.522456209500344926e+01
5.500000000000000000e+01,4.285080483377760885e+01
5.500000000000000000e+01,4.929014584275374489e+01
5.500000000000000000e+01,3.501490770188556212e+01
5.500000000000000000e+01,3.464419143687288738e+01
5.500000000000000000e+01,5.015183775060663152e+01
5.500000000000000000e+01,5.253760076693824033e+01
5.500000000000000000e+01,3.234543796573629493e+01
5.500000000000000000e+01,4.095099215463333309e+01
5.500000000000000000e+01,4.933357611391210895e+01
5.500000000000000000e+01,4.793110574379110744e+01
5.500000000000000000e+01,3.678752309948627186e+01
5.500000000000000000e+01,4.114825469771400890e+01
5.500000000000000000e+01,4.137020901333679745e+01
5.600000000000000000e+01,4.314401015599926126e+01
5.600000000000000000e+01,4.594874226979256093e+01
5.600000000000000000e+01,5.210181467132537136e+01
5.600000000000000000e+01,4.436044646872600339e+01
5.600000000000000000e+01,4.494911105558249176e+01
5.600000000000000000e+01,4.043543080903733511e+01
5.600000000000000000e+01,4.656440294622754550e+01
5.600000000000000000e+01,2.974245458438049639e+01
5.600000000000000000e+01,4.584130949869301475e+01
5.600000000000000000e+01,3.585804119534313372e+01
5.600000000000000000e+01,3.625694536773448817e+01
5.600000000000000000e+01,4.481336657433288195e+01
5.600000000000000000e+01,5.062120725415665845e+01
5.600000000000000000e+01,3.787840370717653826e+01
5.600000000000000000e+01,4.828152461772668147e+01
5.700000000000000000e+01,5.242456779563653413e+01
5.700000000000000000e+01,5.068631321211910290e+01
5.700000000000000000e+01,3.240182843619595587e+01
5.700000000000000000e+01,6.364934714474527055e+01
5.700000000000000000e+01,2.380207702509680345e+01
5.700000000000000000e+01,3.993872926708980486e+01
5.700000000000000000e+01,5.154099622128600799e+01
5.700000000000000000e+01,2.581750554184725388e+01
5.700000000000000000e+01,3.765054436804634719e+01
5.700000000000000000e+01,3.561611383948561382e+01
5.700000000000000000e+01,3.974549331412526953e+01
5.700000000000000000e+01,5.579874222577064558e+01
5.700000000000000000e+01,2.022382903849299396e+01
5.700000000000000000e+01,4.003304350566221359e+01
5.700000000000000000e+01,5.137146181638765796e+01
5.800000000000000000e+01,3.761634277332691312e+01
5.800000000000000000e+01,5.723690236294635270e+01
5.800000000000000000e+01,5.603921622871213515e+01
5.800000000000000000e+01,5.347942792184964844e+01
5.800000000000000000e+01,4.442711913100994536e+01
5.800000000000000000e+01,4.715205165181451719e+01
5.800000000000000000e+01,5.147799754443582998e+01
5.800000000000000000e+01,4.923696493680095898e+01
5.800000000000000000e+01,4.488388111908479772e+01
5.800000000000000000e+01,4.499487755975728476e+01
5.800000000000000000e+01,4.314882978750308240e+01
5.800000000000000000e+01,4.670784072353358596e+01
5.800000000000000000e+01,4.078934264304447765e+01
5.800000000000000000e+01,3.446128236023675839e+01
5.800000000000000000e+01,4.898652459806996973e+01
5.900000000000000000e+01,4.727542190893584007e+01
5.900000000000000000e+01,4.713344963942553534e+01
5.900000000000000000e+01,3.500085761673319951e+01
5.900000000000000000e+01,3.292390813979569941e+01
5.900000000000000000e+01,4.415858862327801404e+01
5.900000000000000000e+01,2.686933506029248520e+01
5.900000000000000000e+01,2.657422599583703615e+01
5.900000000000000000e+01,4.543901177466309349e+01
5.900000000000000000e+01,4.254985323428920907e+01
5.900000000000000000e+01,4.052323074932360214e+01
5.900000000000000000e+01,5.312934252186270356e+01
5.900000000000000000e+01,3.592460632878241711e+01
5.900000000000000000e+01,4.657330587221911600e+01
5.900000000000000000e+01,2.419009792392403213e+01
5.900000000000000000e+01,4.410157483603124007e+01
6.000000000000000000e+01,3.877134719421687237e+01
6.000000000000000000e+01,4.939311297374667475e+01
6.000000000000000000e+01,4.831607765258283393e+01
6.000000000000000000e+01,3.777819672514287674e+01
6.000000000000000000e+01,3.858355728653945249e+01
6.000000000000000000e+01,4.372061547794987746e+01
6.000000000000000000e+01,2.871208520773006256e+01
6.000000000000000000e+01,3.385763794426193130e+01
6.000000000000000000e+01,4.336999883907383690e+01
6.000000000000000000e+01,4.455786911761178004e+01
6.000000000000000000e+01,4.354062578386834304e+01
6.000000000000000000e+01,3.207141175445782721e+01
6.000000000000000000e+01,5.264266272588868389e+01
6.000000000000000000e+01,3.837596754090724716e+01
6.100000000000000000e+01,3.811191837367321966e+01
6.100000000000000000e+01,3.969576484117170168e+01
6.100000000000000000e+01,4.755913412735598200e+01
6.100000000000000000e+01,2.875309561010732295e+01
6.100000000000000000e+01,4.171489875707652573e+01
6.100000000000000000e+01,3.550886154460343391e+01
6.100000000000000000e+01,3.814377187800613456e+01
6.100000000000000000e+01,3.795134254780510474e+01
6.100000000000000000e+01,3.872220661333999203e+01
6.100000000000000000e+01,2.525220178717681563e+01
6.100000000000000000e+01,3.623540747026817144e+01
6.100000000000000000e+01,3.492747665322858097e+01
6.100000000000000000e+01,3.623333048072359475e+01
6.100000000000000000e+01,3.401454965592712654e+01
6.200000000000000000e+01,4.230519612143849884e+01
6.200000000000000000e+01,2.929987389916124485e+01
6.200000000000000000e+01,2.698137521581012876e+01
6.200000000000000000e+01,4.053932077694591385e+01
6.200000000000000000e+01,3.318579808248104257e+01
6.200000000000000000e+01,3.398082862175184715e+01
6.200000000000000000e+01,2.645790781257311508e+01
6.200000000000000000e+01,2.850025380264337826e+01
6.200000000000000000e+01,3.176554725603367046e+01
6.200000000000000000e+01,3.696001395687851243e+01
6.200000000000000000e+01,3.793841427945846334e+01
6.200000000000000000e+01,3.267492730732216444e+01
6.200000000000000000e+01,4.537009316688277494e+01
6.200000000000000000e+01,3.745069436472817159e+01
6.300000000000000000e+01,3.061410350396957369e+01
6.300000000000000000e+01,2.989143087884754380e+01
6.300000000000000000e+01,3.051846631234233342e+01
6.300000000000000000e+01,3.492609726889784127e+01
6.300000000000000000e+01,3.691647452545082331e+01
6.300000000000000000e+01,4.547165843030544607e+01
6.300000000000000000e+01,3.804146414540721821e+01
6.300000000000000000e+01,3.385162660187761929e+01
6.300000000000000000e+01,3.259740537315252595e+01
6.300000000000000000e+01,2.473694511911767080e+01
6.300000000000000000e+01,3.311654280219347868e+01
6.300000000000000000e+01,3.140626212155517649e+01
6.300000000000000000e+01,4.697933485680366061e+01
6.300000000000000000e+01,3.716555883945326855e+01
6.400000000000000000e+01,4.519297019581984642e+01
6.400000000000000000e+01,3.512841872841407564e+01
6.400000000000000000e+01,2.464699699249493392e+01
6.400000000000000000e+01,3.226293670033150107e+01
6.400000000000000000e+01,3.928543742470261435e+01
6.400000000000000000e+01,3.633754791053816291e+01
6.400000000000000000e+01,2.938491075005488895e+01
6.400000000000000000e+01,3.673103896325709883e+01
6.400000000000000000e+01,3.730955543901150406e+01
6.400000000000000000e+01,3.252750239105507291e+01
6.400000000000000000e+01,3.882734906088176530e+01
6.400000000000000000e+01,2.988248446544329795e+01
6.400000000000000000e+01,3.698565479925986210e+01
6.500000000000000000e+01,3.170104196082630921e+01
6.500000000000000000e+01,3.408679598035669045e+01
6.500000000000000000e+01,2.904653657769425479e+01
6.500000000000000000e+01,3.623877233143500831e+01
6.500000000000000000e+01,3.667208099803401922e+01
6.500000000000000000e+01,3.870144500413411492e+01
6.500000000000000000e+01,3.195568002245703099e+01
6.500000000000000000e+01,3.152250258268394845e+01
6.500000000000000000e+01,3.462755924017211129e+01
6.500000000000000000e+01,3.652509762267767002e+01
6.500000000000000000e+01,3.419161108622583356e+01
6.500000000000000000e+01,3.497262175392858552e+01
6.500000000000000000e+01,2.886430190384685801e+01
6.600000000000000000e+01,3.788271956792289075e+01
6.600000000000000000e+01,3.047791213480925876e+01
6.600000000000000000e+01,2.990040105845435647e+01
6.600000000000000000e+01,3.455350062807933398e+01
6.600000000000000000e+01,3.548936874678825859e+01
6.600000000000000000e+01,3.124791717089762599e+01
6.600000000000000000e+01,3.086920426004002849e+01
6.600000000000000000e+01,3.054146046444016349e+01
6.600000000000000000e+01,3.332104069062556562e+01
6.600000000000000000e+01,2.798029193180335739e+01
6.600000000000000000e+01,3.846834730785694489e+01
6.600000000000000000e+01,3.649705000964123514e+01
6.600000000000000000e+01,3.358117209708496631e+01
6.700000000000000000e+01,3.206625409984309272e+01
6.700000000000000000e+01,3.132383985551018313e+01
6.700000000000000000e+01,3.592982633242982615e+01
6.700000000000000000e+01,3.451390722417783508e+01
6.700000000000000000e+01,3.213234725659032165e+01
6.700000000000000000e+01,3.646541813676930843e+01
6.700000000000000000e+01,3.372066451486904270e+01
6.700000000000000000e+01,2.925276190837467638e+01
6.700000000000000000e+01,3.885452273352603214e+01
6.700000000000000000e+01,2.898036181732495464e+01
6.700000000000000000e+01,3.821072954981399050e+01
6.700000000000000000e+01,3.589351533075190304e+01
6.800000000000000000e+01,3.285786047518197961e+01
6.800000000000000000e+01,3.529395496037633251e+01
6.800000000000000000e+01,3.173326603843866422e+01
6.800000000000000000e+01,3.432963168252460662e+01
6.800000000000000000e+01,3.608874503063412931e+01
6.800000000000000000e+01,3.391905932903181053e+01
6.800000000000000000e+01,3.584605135468810744e+01
6.800000000000000000e+01,3.435811184994586398e+01
6.800000000000000000e+01,3.125689113918132023e+01
6.800000000000000000e+01,3.681445170460774818e+01
6.800000000000000000e+01,2.965894683907645302e+01
6.800000000000000000e+01,3.669830042161775197e+01
6.900000000000000000e+01,3.155811697540113769e+01
6.900000000000000000e+01,3.315069305097262031e+01
6.900000000000000000e+01,4.293424416947530631e+01
6.900000000000000000e+01,2.918761457593442543e+01
6.900000000000000000e+01,3.035753573437260044e+01
6.900000000000000000e+01,3.860425055702587116e+01
6.900000000000000000e+01,3.771880356486012431e+01
6.900000000000000000e+01,3.065209248511057183e+01
6.900000000000000000e+01,2.991525826132025045e+01
6.900000000000000000e+01,4.000837017458687228e+01
6.900000000000000000e+01,3.694275315220669142e+01
7.000000000000000000e+01,3.009095839164303854e+01
7.000000000000000000e+01,2.982850690439103758e+01
7.000000000000000000e+01,4.313782880971928080e+01
7.000000000000000000e+01,3.813250903980126338e+01
7.000000000000000000e+01,3.592992303402949261e+01
7.000000000000000000e+01,3.496542806094373645e+01
7.000000000000000000e+01,3.563905459383148866e+01
7.000000000000000000e+01,3.723874268834331502e+01
7.000000000000000000e+01,3.684419483943128881e+01
7.000000000000000000e+01,3.430163191833604941e+01
7.000000000000000000e+01,3.659310831640244999e+01
7.100000000000000000e+01,3.418951954171616592e+01
7.100000000000000000e+01,3.249027649575950250e+01
7.100000000000000000e+01,3.942432719704625299e+01
7.100000000000000000e+01,3.211376139843036270e+01
7.100000000000000000e+01,3.233817455464202339e+01
7.100000000000000000e+01,3.372313237548932108e+01
7.100000000000000000e+01,3.443541664200573393e+01
7.100000000000000000e+01,3.273331657408428441e+01
7.100000000000000000e+01,3.968385393195943323e+01
7.100000000000000000e+01,3.169386160160371091e+01
7.200000000000000000e+01,3.685543717461787594e+01
7.200000000000000000e+01,3.432656610235636663e+01
7.200000000000000000e+01,3.759473645375253881e+01
7.200000000000000000e+01,3.213174893144702082e+01
7.200000000000000000e+01,3.840369145209275814e+01
7.200000000000000000e+01,3.483095278973963360e+01
7.200000000000000000e+01,3.349274931876396977e+01
7.200000000000000000e+01,3.559079125028803503e+01
7.200000000000000000e+01,2.446934473497363882e+01
7.200000000000000000e+01,3.943375956551500394e+01
7.300000000000000000e+01,3.715273271267390243e+01
7.300000000000000000e+01,3.338970359051104708e+01
7.300000000000000000e+01,2.878309701956868594e+01
7.300000000000000000e+01,3.333653617211705722e+01
7.300000000000000000e+01,3.726068513132032223e+01
7.300000000000000000e+01,3.572339240721318276e+01
7.300000000000000000e+01,3.516464632595672413e+01
7.300000000000000000e+01,3.742148143304706309e+01
7.300000000000000000e+01,3.989326318302853736e+01
7.400000000000000000e+01,3.228089639451779647e+01
7.400000000000000000e+01,3.515522540424264974e+01
7.400000000000000000e+01,3.626538736138078178e+01
7.400000000000000000e+01,3.723038848861662586e+01
7.400000000000000000e+01,3.445114446198153502e+01
7.400000000000000000e+01,3.282996433404196779e+01
7.400000000000000000e+01,2.515837885296121712e+01
7.400000000000000000e+01,3.112014386446872649e+01
7.500000000000000000e+01,3.459914361676391792e+01
7.500000000000000000e+01,3.706055719601326359e+01
7.500000000000000000e+01,3.436521901590760564e+01
7.500000000000000000e+01,3.436273737582445165e+01
7.500000000000000000e+01,2.632715032655988807e+01
7.500000000000000000e+01,2.840999048409175032e+01
7.500000000000000000e+01,3.402492508775042523e+01
7.500000000000000000e+01,3.503848636882290890e+01
7.600000000000000000e+01,2.874857891388968056e+01
7.600000000000000000e+01,2.860269685898892789e+01
7.600000000000000000e+01,3.678019529566097390e+01
7.600000000000000000e+01,2.964149626113317026e+01
7.600000000000000000e+01,3.013055932531369407e+01
7.600000000000000000e+01,3.973143714163171580e+01
7.600000000000000000e+01,3.361172180728259207e+01
7.700000000000000000e+01,3.501333879566020357e+01
7.700000000000000000e+01,2.915041449942025409e+01
7.700000000000000000e+01,3.115169841689364816e+01
7.700000000000000000e+01,3.099665894182438564e+01
7.700000000000000000e+01,3.486215346161816342e+01
7.700000000000000000e+01,3.268980042576059475e+01
7.800000000000000000e+01,2.611795153429154936e+01
7.800000000000000000e+01,2.514875978117296285e+01
7.800000000000000000e+01,3.671640394525196882e+01
7.800000000000000000e+01,2.653014568809975771e+01
7.800000000000000000e+01,3.107063662037731433e+01
7.800000000000000000e+01,3.535684570321800635e+01
7.900000000000000000e+01,3.539837910437250912e+01
7.900000000000000000e+01,2.793087457530960549e+01
7.900000000000000000e+01,2.926583829920401314e+01
7.900000000000000000e+01,3.373877458181515721e+01
7.900000000000000000e+01,3.309720611305051818e+01
8.000000000000000000e+01,3.014190447047411325e+01
8.000000000000000000e+01,3.261549397292271379e+01
8.000000000000000000e+01,2.721979704455887372e+01
8.000000000000000000e+01,2.694146443325239915e+01
8.100000000000000000e+01,2.456337526195050813e+01
8.100000000000000000e+01,2.764560708091752517e+01
8.100000000000000000e+01,3.075347083477308985e+01
8.100000000000000000e+01,2.437556608775609490e+01
8.200000000000000000e+01,3.072935579910717863e+01
8.200000000000000000e+01,2.600687699078561366e+01
8.200000000000000000e+01,2.820831860099289301e+01
8.200000000000000000e+01,3.343533553363867128e+01
8.300000000000000000e+01,2.952928454736428066e+01
8.300000000000000000e+01,2.924142670849512982e+01
8.300000000000000000e+01,2.156018058204664101e+01
8.400000000000000000e+01,2.215926988279912990e+01
8.400000000000000000e+01,2.377811216733652699e+01
8.400000000000000000e+01,2.864701842951921051e+01
8.500000000000000000e+01,2.160205019267922921e+01
8.500000000000000000e+01,2.428240662207899092e+01
8.500000000000000000e+01,2.584470427936136261e+01
8.600000000000000000e+01,2.602709721203161664e+01
8.600000000000000000e+01,2.647668379006726624e+01
8.600000000000000000e+01,2.223257142310371393e+01
8.700000000000000000e+01,2.531217465678369294e+01
8.700000000000000000e+01,2.395191310335389545e+01
8.700000000000000000e+01,2.657580843605823873e+01
8.800000000000000000e+01,2.295855380582382210e+01
8.800000000000000000e+01,2.718646837222152968e+01
8.900000000000000000e+01,2.274767759979322435e+01
8.900000000000000000e+01,2.361063180003156248e+01
9.000000000000000000e+01,2.199339696636159402e+01
9.000000000000000000e+01,2.140519036047677304e+01
9.100000000000000000e+01,2.576951747270150861e+01
9.100000000000000000e+01,2.187258377288899069e+01
9.200000000000000000e+01,2.089807073267531479e+01
9.300000000000000000e+01,1.775621585466340946e+01
9.400000000000000000e+01,2.385772703299046782e+01
9.500000000000000000e+01,2.444799927981419074e+01
